00
000
0000
00000
000000
0000000
00000000
000000000
0000000000
00000000000
000000000000
0000000000000
00000000000000
000000000000000
11
111
1111
11111
111111
1111111
11111111
111111111
1111111111
11111111111
111111111111
1111111111111
11111111111111
111111111111111
22
222
2222
22222
222222
2222222
22222222
222222222
2222222222
22222222222
222222222222
2222222222222
22222222222222
222222222222222
33
333
3333
33333
333333
3333333
33333333
333333333
3333333333
33333333333
333333333333
3333333333333
33333333333333
333333333333333
44
444
4444
44444
444444
4444444
44444444
444444444
4444444444
44444444444
444444444444
4444444444444
44444444444444
444444444444444
55
555
5555
55555
555555
5555555
55555555
555555555
5555555555
55555555555
555555555555
5555555555555
55555555555555
555555555555555
66
666
6666
66666
666666
6666666
66666666
666666666
6666666666
66666666666
666666666666
6666666666666
66666666666666
666666666666666
77
777